
Welch's t-test of two samples

mean = 1.0, SEM = 0.1, n = 3.0
mean = 2.0, SEM = 0.1, n = 3.0

T = -7.07106781187
p = 0.00211064584509

06.09.2016 15:03:14
