
Shapiro-Wilk normality test of /home/roshi/pyPharm/Examples/test/x.dat

mean = 1.02857142857, SD = 0.0666394502268, n = 7
W = 0.941431462765
p = 0.651645541191

12.01.2017 16:34:17
