
One sample T-test of /home/roshi/jackonda/Examples/Statistics/x.dat

mean = 1.0285714285714285, SD = 0.06663945022680344, n = 7
mu=1.0
T = 1.0502100630210036
p = 0.3340693579471526

30.11.2020 16:28:25
