
--- Model AICc ---
  n = 13
  k = 3.0
  SS_res = 7.435528e+01
  MSE = 5.719637e+00
  log-likelihood = -29.7816
  AIC = 65.56
  AICc = 68.23



16.01.2026 16:39:44
