
--- Model AICc ---
  n = 13
  k = 2.0
  SS_res = 1.755076e+02
  MSE = 1.350058e+01
  log-likelihood = -35.3640
  AIC = 74.73
  AICc = 75.93



16.01.2026 16:39:33
